                Konya  Ankara  Istanbul  Izmir  Kocaeli  NewYork  NewJersey  LosAngeles  London  Manchester  Moscow  Petersburg  Pekin  Shangai  Doha  Museyid
Konya             0     118      242      479     440      -1        -1          -1       -1        -1	       -1        -1       -1       -1     -1     -1
Ankara           118     0       436      117     454      1437      -1          -1       1478      -1	       1572      -1       1689     -1    1541    -1
Istanbul         242    436       0       307     193      -1        -1          -1       -1        -1	       -1        -1       -1       -1     -1     -1
Izmir            479    117      307       0      391      -1        -1          -1       -1        -1	       -1        -1       -1       -1     -1     -1
Kocaeli          440    454      193      391      0       -1        -1          -1       -1        -1	       -1        -1       -1       -1     -1     -1
Newyork          -1     1437     -1       -1      -1        0        92          360      2247      -1	       1367      -1       1695     -1     3016   -1
NewJersey        -1     -1       -1       -1      -1       92         0          115      -1        -1	       -1        -1       -1       -1     -1     -1
LosAngeles       -1     -1       -1       -1      -1       360       115          0       -1        -1	       -1        -1       -1       -1     -1     -1
London           -1     1478     -1       -1      -1       2247      -1          -1        0        223	       1621      -1       1968     -1     2419   -1
Manchester       -1     -1       -1       -1      -1       -1        -1          -1       223        0	       -1        -1       -1       -1     -1     -1
Moscow           -1     1572     -1       -1      -1       1367      -1          -1       1621      -1	        0        678      1246     -1     2168   -1
PetersBurg       -1     -1       -1       -1      -1       -1        -1          -1       -1        -1	       678        0       -1       -1     -1     -1
Pekin            -1     1689     -1       -1      -1       1695      -1          -1       1968      -1	       1246      -1        0       456    2037   -1
Shangai          -1     -1       -1       -1      -1       -1        -1          -1       -1        -1	       -1        -1       456       0     -1     -1
Doha             -1     1541     -1       -1      -1       3016      -1          -1       2419      -1	       2168      -1       2037     -1      0     42
Museyid          -1     -1       -1       -1      -1       -1        -1          -1       -1        -1	       -1        -1       -1       -1     42      0